1 1000 0.00499987602234
2 2000 0.00399994850159
2 2000 0.00399994850159
3 3000 0.00399994850159
3 3000 0.00399994850159
3 3000 0.00499987602234
4 4000 0.00300002098083
4 4000 0.00399994850159
4 4000 0.00399994850159
4 4000 0.00300002098083
5 5000 0.0130000114441
5 5000 0.0139999389648
5 5000 0.00300002098083
5 5000 0.00399994850159
5 5000 0.00399994850159
6 6000 0.0120000839233
6 6000 0.00499987602234
6 6000 0.00499987602234
6 6000 0.00399994850159
6 6000 0.00300002098083
6 6000 0.00399994850159
7 7000 0.00499987602234
7 7000 0.00499987602234
7 7000 0.00599980354309
7 7000 0.00500011444092
7 7000 0.00500011444092
7 7000 0.00399994850159
7 7000 0.00399994850159
8 8000 0.0199999809265
8 8000 0.0130000114441
8 8000 0.00699996948242
8 8000 0.00499987602234
8 8000 0.00600004196167
8 8000 0.00399994850159
8 8000 0.00300002098083
8 8000 0.00299978256226
9 9000 0.018000125885
9 9000 0.010999917984
9 9000 0.007000207901
9 9000 0.00500011444092
9 9000 0.00500011444092
9 9000 0.00400018692017
9 9000 0.00399994850159
9 9000 0.00399994850159
9 9000 0.00299978256226
10 10000 0.0120000839233
10 10000 0.00799989700317
10 10000 0.00600004196167
10 10000 0.00600004196167
10 10000 0.00600004196167
10 10000 0.00500011444092
10 10000 0.00500011444092
10 10000 0.00499987602234
10 10000 0.00300002098083
10 10000 0.503999948502
11 11000 0.00499987602234
11 11000 0.018000125885
11 11000 0.0160000324249
11 11000 0.00499987602234
11 11000 0.00499987602234
11 11000 0.00799989700317
11 11000 0.00500011444092
11 11000 0.00399994850159
11 11000 0.00400018692017
11 11000 0.00300002098083
11 11000 0.00399994850159
12 12000 0.0280001163483
12 12000 0.0190000534058
12 12000 0.00999999046326
12 12000 0.00999999046326
12 12000 0.00800013542175
12 12000 0.00500011444092
12 12000 0.00399994850159
12 12000 0.00400018692017
12 12000 0.00499987602234
12 12000 0.00399994850159
12 12000 0.00399994850159
12 12000 0.509999990463
13 13000 0.00699996948242
13 13000 0.0220000743866
13 13000 0.0139999389648
13 13000 0.00699996948242
13 13000 0.00800013542175
13 13000 0.00800013542175
13 13000 0.00699996948242
13 13000 0.00600004196167
13 13000 0.00399994850159
13 13000 0.00399994850159
13 13000 0.00300002098083
13 13000 0.496999979019
13 13000 0.501999855042
14 14000 0.00699996948242
14 14000 0.00799989700317
14 14000 0.0130000114441
14 14000 0.00999999046326
14 14000 0.00699996948242
14 14000 0.00600004196167
14 14000 0.00399994850159
14 14000 0.00499987602234
14 14000 0.00300002098083
14 14000 0.508000135422
14 14000 0.503000020981
14 14000 0.503999948502
14 14000 0.506000041962
14 14000 0.509999990463
15 15000 0.0190000534058
15 15000 0.0150001049042
15 15000 0.0120000839233
15 15000 0.0090000629425
15 15000 0.00799989700317
15 15000 0.00800013542175
15 15000 0.010999917984
15 15000 0.00699996948242
15 15000 0.00499987602234
15 15000 0.00499987602234
15 15000 0.5
15 15000 0.503999948502
15 15000 0.504999876022
15 15000 0.503999948502
15 15000 0.503999948502
16 16000 0.00799989700317
16 16000 0.00699996948242
16 16000 0.00600004196167
16 16000 0.0100002288818
16 16000 0.0090000629425
16 16000 0.0090000629425
16 16000 0.00800013542175
16 16000 0.0090000629425
16 16000 0.00899982452393
16 16000 0.00499987602234
16 16000 0.505000114441
16 16000 0.502999782562
16 16000 0.508999824524
16 16000 0.513000011444
16 16000 0.515999794006
16 16000 0.503999948502
