1 1000 0.0889999866486
2 2000 0.0880000591278
2 2000 0.0910000801086
3 3000 0.100000143051
3 3000 0.101000070572
3 3000 0.114999771118
4 4000 0.105000019073
4 4000 0.107000112534
4 4000 0.138000011444
4 4000 0.138999938965
5 5000 0.111999988556
5 5000 0.141999959946
5 5000 0.128000020981
5 5000 0.131999969482
5 5000 0.141999959946
6 6000 0.0930001735687
6 6000 0.100000143051
6 6000 0.141999959946
6 6000 0.138000011444
6 6000 0.143000125885
6 6000 0.145999908447
7 7000 0.113000154495
7 7000 0.144999980927
7 7000 0.144999980927
7 7000 0.159999847412
7 7000 0.148999929428
7 7000 0.15399980545
7 7000 0.157999992371
8 8000 0.0969998836517
8 8000 0.111999988556
8 8000 0.180999994278
8 8000 0.15499997139
8 8000 0.128000020981
8 8000 0.197999954224
8 8000 0.173999786377
8 8000 0.156000137329
9 9000 0.157999992371
9 9000 0.163000106812
9 9000 0.12700009346
9 9000 0.183000087738
9 9000 0.166999816895
9 9000 0.167000055313
9 9000 0.207999944687
9 9000 0.163000106812
9 9000 0.18700003624
10 10000 0.106999874115
10 10000 0.125
10 10000 0.15499997139
10 10000 0.15499997139
10 10000 0.178999900818
10 10000 0.226000070572
10 10000 0.22000002861
10 10000 0.148000001907
10 10000 0.202000141144
10 10000 0.15700006485
11 11000 0.151000022888
11 11000 0.194000005722
11 11000 0.207000017166
11 11000 0.178000211716
11 11000 0.214999914169
11 11000 0.194999933243
11 11000 0.242000102997
11 11000 0.263999938965
11 11000 0.260999917984
11 11000 0.255000114441
11 11000 0.243000030518
12 12000 0.118999958038
12 12000 0.195999860764
12 12000 0.148000001907
12 12000 0.215000152588
12 12000 0.174000024796
12 12000 0.210000038147
12 12000 0.21799993515
12 12000 0.180999994278
12 12000 0.286000013351
12 12000 0.25
12 12000 0.256000041962
12 12000 0.255999803543
13 13000 0.120000123978
13 13000 0.171000003815
13 13000 0.1859998703
13 13000 0.181999921799
13 13000 0.176999807358
13 13000 0.225999832153
13 13000 0.265999794006
13 13000 0.270999908447
13 13000 0.27899980545
13 13000 0.300999879837
13 13000 0.325000047684
13 13000 0.22400021553
13 13000 0.266000032425
14 14000 0.194000005722
14 14000 0.110999822617
14 14000 0.167999982834
14 14000 0.307999849319
14 14000 0.111000061035
15 15000 0.177000045776
15 15000 0.22000002861
15 15000 0.220999956131
15 15000 0.223999977112
15 15000 0.266999959946
15 15000 0.239000082016
15 15000 0.256999969482
15 15000 0.287999868393
15 15000 0.274000167847
15 15000 0.249000072479
15 15000 0.349999904633
15 15000 0.302000045776
15 15000 0.368000030518
15 15000 0.360999822617
15 15000 0.286000013351
16 16000 0.176000118256
16 16000 0.210000038147
16 16000 0.108999967575
16 16000 0.256000041962
16 16000 0.253000020981
16 16000 0.195000171661
16 16000 0.243999958038
16 16000 0.298000097275
16 16000 0.344000101089
16 16000 0.266000032425
16 16000 0.328999996185
16 16000 0.355999946594
16 16000 0.375
16 16000 0.381000041962
16 16000 0.365999937057
16 16000 0.338000059128
