1 4.26799988747
2 7.82399988174
3 7.85899996758
1 4.2539999485
2 7.84999990463
3 7.85699987411
4 11.1289999485
5 11.1519999504
6 11.370000124
7 14.7400000095
8 14.7509999275
9 14.7820000648
10 14.7920000553
11 17.7990000248
12 12 17.8849999905
17.8849999905
14 17.8949999809
15 18.242000103
16 21.4330000877
17 21.4850001335
18 21.5340001583
19 21.5400002003
20 21.6010000706
21 21.871999979
22 25.7890000343
23 25.8400001526
24 25.861000061
25 25.8770000935
26 25.8880000114
27 25.9010000229
28 25.9470000267
29 29.2449998856
30 29.3120000362
31 29.3599998951
32 29.3699998856
33 29.376999855
34 29.3869998455
35 29.4800000191
36 29.6010000706
37 33.0140001774
38 33.0220000744
39 33.0820000172
40 33.0980000496
41 33.1740000248
42 33.1970000267
43 33.2640001774
44 33.5720000267
45 33.5750000477
46 35.861000061
47 36.0290000439
48 36.0740001202
49 36.0759999752
50 36.7929999828
51 36.8840000629
52 36.9010000229
53 37.2820000648
54 37.3010001183
55 37.3129999638
56 40.8629999161
57 40.8789999485
58 40.9019999504
59 40.9479999542
60 41.003000021
61 41.5150001049
62 41.5989999771
63 41.6010000706
64 41.6549999714
65 41.9800000191
66 42.111000061
67 45.618999958
68 45.6619999409
69 45.7290000916
70 45.746999979
71 45.8020000458
72 46.5750000477
73 46.6940000057
74 46.7430000305
75 46.9400000572
76 47.0899999142
77 47.0959999561
78 47.1019999981
79 40.4709999561
80 40.5910000801
81 40.5920000076
82 40.6370000839
83 40.7509999275
84 41.3329999447
85 41.4340000153
86 41.5980000496
87 41.8050000668
88 41.8380000591
89 41.8420000076
