1 1000 4.27399992943
2 2000 7.70700001717
2 2000 7.70700001717
3 3000 11.013999939
3 3000 11.0599999428
3 3000 11.1380000114
4 4000 14.5549998283
4 4000 14.5859999657
4 4000 14.6009998322
4 4000 14.6639997959
5 5000 18.1919999123
5 5000 18.239000082
5 5000 18.239000082
5 5000 18.2230000496
5 5000 18.2229998112
6 6000 21.5279998779
6 6000 21.6519999504
6 6000 21.6519999504
6 6000 21.6990001202
6 6000 21.746999979
6 6000 21.5280001163
7 7000 25.2880001068
7 7000 25.3030002117
7 7000 25.3650000095
7 7000 25.3970000744
7 7000 25.4589998722
7 7000 25.4900000095
7 7000 25.2720000744
8 8000 29.0160000324
8 8000 29.0940001011
8 8000 29.1100001335
8 8000 29.1100001335
8 8000 29.1410000324
8 8000 29.0939998627
8 8000 29.0779998302
8 8000 29.1719999313
9 9000 32.8870000839
9 9000 33.0580000877
9 9000 33.0740001202
9 9000 33.0740001202
9 9000 33.0889999866
9 9000 33.1990001202
9 9000 32.9489998817
9 9000 32.9960000515
9 9000 33.010999918
10 10000 36.6760001183
10 10000 36.7230000496
10 10000 36.7380001545
10 10000 36.753000021
10 10000 37.0350000858
10 10000 36.9089999199
10 10000 36.9560000896
10 10000 36.9869999886
10 10000 37.003000021
10 10000 37.003000021
11 11000 41.1059999466
11 11000 41.2150001526
11 11000 41.1690001488
11 11000 41.1519999504
11 11000 41.2619998455
11 11000 41.2300000191
11 11000 41.2619998455
11 11000 41.246999979
11 11000 41.246999979
11 11000 41.246999979
11 11000 41.2309999466
12 12000 45.7090001106
12 12000 45.7400000095
12 12000 45.7249999046
12 12000 45.7250001431
12 12000 45.7709999084
12 12000 45.8339998722
12 12000 45.8489999771
12 12000 45.881000042
12 12000 45.9900000095
12 12000 46.0520000458
12 12000 46.0830001831
12 12000 45.6160001755
13 13000 50.7939999104
13 13000 50.7940001488
13 13000 50.8710000515
13 13000 50.9960000515
13 13000 51.0119998455
13 13000 51.4179999828
13 13000 51.4479999542
13 13000 51.4490001202
13 13000 51.4649999142
13 13000 51.4960000515
13 13000 51.5269999504
13 13000 51.1679999828
13 13000 51.2459998131
14 14000 50.8559999466
14 14000 50.9020001888
14 14000 50.9490001202
14 14000 50.9340000153
14 14000 51.0429999828
14 14000 51.3389999866
14 14000 51.3389999866
14 14000 51.3239998817
14 14000 51.4179999828
14 14000 51.4340000153
14 14000 51.2620000839
14 14000 51.2929999828
14 14000 51.3240001202
