1 1373584813.07
2 1373584831.53
3 1373584831.53
4 1373584859.87
5 1373584859.9
6 1373584859.98
7 1373584898.45
8 1373584898.5
9 1373584898.51
10 1373584898.58
11 1373584947.2
12 1373584947.23
13 1373584947.23
14 1373584947.23
15 1373584947.23
16 1373585005.64
17 1373585005.73
18 1373585005.73
19 1373585005.78
20 1373585005.85
21 1373585006.12
22 1373585074.47
23 1373585074.47
24 1373585074.58
25 1373585074.59
26 1373585074.69
27 1373585074.7
28 1373585075.02
29 1373585153.36
30 1373585153.44
31 1373585153.47
32 1373585153.47
33 1373585153.48
34 1373585153.95
35 1373585153.95
36 1373585154.03
37 1373585242.41
38 1373585242.56
39 1373585242.58
40 1373585242.59
41 1373585242.61
42 1373585242.72
43 1373585242.98
44 1373585243.0
45 1373585243.03
46 1373585341.34
47 1373585341.4
48 1373585341.43
49 1373585341.45
50 1373585341.7
51 1373585342.12
52 1373585342.14
53 1373585342.18
54 1373585342.18
55 1373585342.2
56 1373585450.95
57 1373585450.98
58 1373585450.99
59 1373585451.01
60 1373585451.06
61 1373585451.09
62 1373585451.6
63 1373585451.6
64 1373585451.6
65 1373585451.62
66 1373585452.13
67 1373585570.71
68 1373585570.76
69 1373585570.77
70 1373585570.8
71 1373585570.82
72 1373585570.87
73 1373585571.4
74 1373585571.43
75 1373585571.58
76 1373585571.63
77 1373585571.63
78 1373585571.69
79 1373585701.13
80 1373585701.13
81 1373585701.17
82 1373585701.3
83 1373585701.33
84 1373585702.25
85 1373585702.27
86 1373585702.27
87 1373585702.28
88 1373585702.31
89 1373585702.36
90 1373585702.52
91 1373585702.58
92 1373585836.44
93 1373585836.47
94 1373585836.47
95 1373585836.5
96 1373585836.57
97 1373585837.41
98 1373585837.41
99 1373585837.41
100 1373585837.5
101 1373585837.52
102 1373585837.86
103 1373585837.91
104 1373585837.92
