1 1000 0.00300002098083
2 2000 0.00300002098083
2 2000 0.00300002098083
3 3000 0.00299978256226
3 3000 0.00299978256226
3 3000 0.00299978256226
4 4000 0.00300002098083
4 4000 0.00300002098083
4 4000 0.00300002098083
4 4000 0.00399994850159
5 5000 0.00399994850159
5 5000 0.00500011444092
5 5000 0.00300002098083
5 5000 0.00399994850159
5 5000 0.00300002098083
6 6000 0.00399994850159
6 6000 0.00399994850159
6 6000 0.00300002098083
6 6000 0.00400018692017
6 6000 0.00300002098083
6 6000 0.00300002098083
7 7000 0.00799989700317
7 7000 0.00400018692017
7 7000 0.00699996948242
7 7000 0.00600004196167
7 7000 0.00399994850159
7 7000 0.00399994850159
7 7000 0.00400018692017
8 8000 0.007000207901
8 8000 0.00500011444092
8 8000 0.00400018692017
8 8000 0.00399994850159
8 8000 0.00399994850159
8 8000 0.00300002098083
8 8000 0.00299978256226
8 8000 0.00300002098083
9 9000 0.0159997940063
9 9000 0.0120000839233
9 9000 0.0090000629425
9 9000 0.00699996948242
9 9000 0.00599980354309
9 9000 0.00500011444092
9 9000 0.00499987602234
9 9000 0.00300002098083
9 9000 0.00399994850159
10 10000 0.0169999599457
10 10000 0.0190000534058
10 10000 0.0169999599457
10 10000 0.00999999046326
10 10000 0.00500011444092
10 10000 0.00500011444092
10 10000 0.00500011444092
10 10000 0.00399994850159
10 10000 0.00400018692017
10 10000 0.00400018692017
11 11000 0.0139999389648
11 11000 0.0130000114441
11 11000 0.0090000629425
11 11000 0.00600004196167
11 11000 0.00500011444092
11 11000 0.00799989700317
11 11000 0.00500011444092
11 11000 0.00600004196167
11 11000 0.00500011444092
11 11000 0.00499987602234
11 11000 0.00300002098083
12 12000 0.00799989700317
12 12000 0.00499987602234
12 12000 0.0090000629425
12 12000 0.00600004196167
12 12000 0.0120000839233
12 12000 0.00699996948242
12 12000 0.00600004196167
12 12000 0.00600004196167
12 12000 0.00399994850159
12 12000 0.00399994850159
12 12000 0.00400018692017
12 12000 0.510999917984
13 13000 0.00699996948242
13 13000 0.0090000629425
13 13000 0.0150001049042
13 13000 0.0209999084473
13 13000 0.00600004196167
13 13000 0.00499987602234
13 13000 0.00899982452393
13 13000 0.00500011444092
13 13000 0.00599980354309
13 13000 0.00500011444092
13 13000 0.00499987602234
13 13000 0.00399994850159
13 13000 0.00399994850159
14 14000 0.00599980354309
14 14000 0.0090000629425
14 14000 0.010999917984
14 14000 0.0130000114441
14 14000 0.00799989700317
14 14000 0.0120000839233
14 14000 0.00899982452393
14 14000 0.00799989700317
14 14000 0.00400018692017
14 14000 0.00300002098083
14 14000 0.507000207901
14 14000 0.506000041962
14 14000 0.506000041962
14 14000 0.509000062943
15 15000 0.0090000629425
15 15000 0.00799989700317
15 15000 0.0090000629425
15 15000 0.00699996948242
15 15000 0.0190000534058
15 15000 0.0190000534058
15 15000 0.00600004196167
15 15000 0.00499987602234
15 15000 0.00699996948242
15 15000 0.00500011444092
15 15000 0.00399994850159
15 15000 0.00399994850159
15 15000 0.00500011444092
15 15000 0.00400018692017
15 15000 0.00399994850159
16 16000 0.00999999046326
16 16000 0.00699996948242
16 16000 0.00999999046326
16 16000 0.0100002288818
16 16000 0.00699996948242
16 16000 0.018000125885
16 16000 0.00800013542175
16 16000 0.0150001049042
16 16000 0.00999999046326
16 16000 0.00500011444092
16 16000 0.00600004196167
16 16000 0.00399994850159
16 16000 0.00399994850159
16 16000 0.501999855042
16 16000 0.509000062943
16 16000 0.513999938965
