1 1000 2.6099998951
2 2000 5.30900001526
2 2000 5.30800008774
3 3000 6.46500015259
3 3000 6.47000002861
3 3000 6.47500014305
4 4000 8.3180000782
4 4000 8.31900000572
4 4000 8.31999993324
4 4000 8.33399987221
5 5000 10.3770000935
5 5000 10.361000061
5 5000 10.382999897
5 5000 10.385999918
5 5000 10.3919999599
6 6000 12.4059998989
6 6000 12.4079999924
6 6000 12.4120001793
6 6000 12.3980000019
6 6000 12.3960001469
6 6000 12.3920001984
7 7000 14.5950000286
7 7000 14.5949997902
7 7000 14.5929999352
7 7000 14.5950000286
7 7000 14.5859999657
7 7000 14.5700001717
7 7000 14.5710000992
8 8000 16.8930001259
8 8000 16.9030001163
8 8000 16.9030001163
8 8000 16.8900001049
8 8000 16.9010000229
8 8000 16.9029998779
8 8000 16.9119999409
8 8000 16.9059998989
9 9000 18.8539998531
9 9000 18.8509998322
9 9000 18.8459999561
9 9000 18.8499999046
9 9000 18.8529999256
9 9000 18.864000082
9 9000 18.8599998951
9 9000 18.853000164
9 9000 18.8570001125
10 10000 20.9609999657
10 10000 21.007999897
10 10000 20.9720001221
10 10000 20.978000164
10 10000 20.9959998131
10 10000 21.001999855
10 10000 21.001999855
10 10000 21.0249998569
10 10000 21.003000021
10 10000 21.003000021
11 11000 23.1990001202
11 11000 23.2139999866
11 11000 23.2139999866
11 11000 23.2269999981
11 11000 23.2269999981
11 11000 23.2230000496
11 11000 23.2329998016
11 11000 23.243999958
11 11000 23.2320001125
11 11000 23.2380001545
11 11000 23.2520000935
12 12000 25.2039999962
12 12000 25.1659998894
12 12000 25.2319998741
12 12000 25.2380001545
12 12000 25.2279999256
12 12000 25.246999979
12 12000 25.2200000286
12 12000 25.2699999809
12 12000 25.2709999084
12 12000 25.2569999695
12 12000 25.251999855
12 12000 25.2510001659
13 13000 30.5950000286
13 13000 30.6129999161
13 13000 30.6420001984
13 13000 30.6380000114
13 13000 30.6519999504
13 13000 30.6499998569
13 13000 30.6700000763
13 13000 30.6649999619
13 13000 30.6770000458
13 13000 30.6960000992
13 13000 30.6840000153
13 13000 30.6740000248
13 13000 30.6940000057
14 14000 30.9649999142
14 14000 31.0250000954
14 14000 31.0299999714
14 14000 31.0310001373
14 14000 31.0199999809
14 14000 31.0339999199
14 14000 31.0310001373
14 14000 31.0599999428
14 14000 31.0629999638
14 14000 31.0639998913
14 14000 31.0629999638
14 14000 31.0700001717
14 14000 31.0859999657
14 14000 31.0860002041
15 15000 34.8949999809
15 15000 34.9660000801
15 15000 34.9509999752
15 15000 34.9820001125
15 15000 34.996999979
15 15000 34.9819998741
15 15000 34.9859998226
15 15000 34.9849998951
15 15000 34.9819998741
15 15000 34.9880001545
15 15000 34.9849998951
15 15000 34.9830000401
15 15000 35.0160000324
15 15000 35.006000042
15 15000 35.0050001144
16 16000 35.1569998264
16 16000 35.1819999218
16 16000 35.1879999638
16 16000 35.1899998188
16 16000 35.1909999847
16 16000 35.2210001945
16 16000 35.1970000267
16 16000 35.2050001621
16 16000 35.2209999561
16 16000 35.2239999771
16 16000 35.2219998837
16 16000 35.2259998322
16 16000 35.2349998951
16 16000 35.2379999161
16 16000 35.2339999676
16 16000 35.2410001755
