1 1000 0.0880000591278
2 2000 0.0880000591278
2 2000 0.0900001525879
3 3000 0.0969998836517
3 3000 0.108000040054
3 3000 0.115999937057
4 4000 0.111000061035
4 4000 0.121000051498
4 4000 0.115999937057
4 4000 0.131999969482
5 5000 0.0880000591278
5 5000 0.103999853134
5 5000 0.136999845505
5 5000 0.128999948502
5 5000 0.148999929428
6 6000 0.128000020981
6 6000 0.140000104904
6 6000 0.161000013351
6 6000 0.140000104904
6 6000 0.145999908447
6 6000 0.148000001907
7 7000 0.105999946594
7 7000 0.105999946594
7 7000 0.158999919891
7 7000 0.1890001297
7 7000 0.121999979019
7 7000 0.164999961853
7 7000 0.139999866486
8 8000 0.105000019073
8 8000 0.157999992371
8 8000 0.157999992371
8 8000 0.15900015831
8 8000 0.201999902725
8 8000 0.161999940872
8 8000 0.171000003815
8 8000 0.161999940872
9 9000 0.115000009537
9 9000 0.134000062943
9 9000 0.18499994278
9 9000 0.174999952316
9 9000 0.203999996185
9 9000 0.223000049591
9 9000 0.19000005722
9 9000 0.212999820709
9 9000 0.254999876022
10 10000 0.100000143051
10 10000 0.190999984741
10 10000 0.219000101089
10 10000 0.230999946594
10 10000 0.195000171661
10 10000 0.210000038147
10 10000 0.167999982834
10 10000 0.226000070572
10 10000 0.263999938965
10 10000 0.253999948502
11 11000 0.177000045776
11 11000 0.108000040054
11 11000 0.147000074387
11 11000 0.169000148773
11 11000 0.231999874115
11 11000 0.203000068665
11 11000 0.1859998703
11 11000 0.18499994278
11 11000 0.171999931335
11 11000 0.200999975204
11 11000 0.233000040054
12 12000 0.0980000495911
12 12000 0.197000026703
12 12000 0.191999912262
12 12000 0.221999883652
12 12000 0.177999973297
12 12000 0.243999958038
12 12000 0.207000017166
12 12000 0.229000091553
12 12000 0.0920000076294
12 12000 0.0930001735687
13 13000 0.105000019073
13 13000 0.173000097275
13 13000 0.172999858856
13 13000 0.170000076294
13 13000 0.177000045776
13 13000 0.210999965668
13 13000 0.203999996185
13 13000 0.223000049591
13 13000 0.195000171661
13 13000 0.114000082016
13 13000 0.117000102997
13 13000 0.124000072479
13 13000 0.123000144958
14 14000 0.173000097275
14 14000 0.176000118256
14 14000 0.201999902725
14 14000 0.171000003815
14 14000 0.18700003624
14 14000 0.190999984741
14 14000 0.164999961853
14 14000 0.243999958038
14 14000 0.22000002861
14 14000 0.131999969482
14 14000 0.132000207901
14 14000 0.137000083923
14 14000 0.134999990463
14 14000 0.139000177383
15 15000 0.0920000076294
15 15000 0.136999845505
15 15000 0.151999950409
15 15000 0.157999992371
15 15000 0.161999940872
15 15000 0.194999933243
15 15000 0.195999860764
15 15000 0.179999828339
15 15000 0.194999933243
15 15000 0.124000072479
15 15000 0.126999855042
15 15000 0.128999948502
15 15000 0.141999959946
15 15000 0.161000013351
15 15000 0.135000228882
16 16000 0.101999998093
16 16000 0.162999868393
16 16000 0.189999818802
16 16000 0.217000007629
16 16000 0.207999944687
16 16000 0.166999816895
16 16000 0.201999902725
16 16000 0.213000059128
16 16000 0.228999853134
16 16000 0.133000135422
16 16000 0.137000083923
16 16000 0.135999917984
16 16000 0.156000137329
16 16000 0.157999992371
16 16000 0.174000024796
16 16000 0.0890002250671
