1 1000 4.28299999237
2 2000 7.83599996567
2 2000 7.87199997902
3 3000 11.2400000095
3 3000 11.2829999924
3 3000 11.2979998589
4 4000 14.8450000286
4 4000 14.9060001373
4 4000 14.9040000439
4 4000 14.9240000248
5 5000 18.4149999619
5 5000 18.4140000343
5 5000 18.4660000801
5 5000 18.4609999657
5 5000 18.5179998875
6 6000 22.125
6 6000 22.1400001049
6 6000 22.1809999943
6 6000 22.1909999847
6 6000 22.2929999828
6 6000 22.3009998798
7 7000 25.7139999866
7 7000 25.8180000782
7 7000 25.8630001545
7 7000 25.8519999981
7 7000 25.8400001526
7 7000 25.888999939
7 7000 26.0460000038
8 8000 29.5069999695
8 8000 29.6319999695
8 8000 29.7760000229
8 8000 29.7869999409
8 8000 29.8220000267
8 8000 29.8600001335
8 8000 29.8519999981
8 8000 29.8650000095
9 9000 33.7089998722
9 9000 33.7419998646
9 9000 33.7869999409
9 9000 33.8310000896
9 9000 33.859000206
9 9000 33.8729999065
9 9000 33.875
9 9000 33.9089999199
9 9000 33.9440000057
10 10000 37.6440000534
10 10000 37.8789999485
10 10000 37.878000021
10 10000 37.8970000744
10 10000 37.8980000019
10 10000 37.9360001087
10 10000 37.9530000687
10 10000 37.9739999771
10 10000 37.9839999676
10 10000 37.742000103
11 11000 42.1510000229
11 11000 42.2249999046
11 11000 42.253000021
11 11000 42.2580001354
11 11000 42.2820000648
11 11000 42.367000103
11 11000 42.4130001068
11 11000 42.4709999561
11 11000 42.4550001621
11 11000 42.1429998875
11 11000 42.373000145
12 12000 47.1740000248
12 12000 47.2100000381
12 12000 47.1960000992
12 12000 47.3090000153
12 12000 47.3459999561
12 12000 47.3459999561
12 12000 47.4270000458
12 12000 47.4379999638
12 12000 47.5550000668
12 12000 47.2200000286
12 12000 47.271999836
12 12000 47.2799999714
13 13000 52.6380000114
13 13000 52.7009999752
13 13000 52.7130000591
13 13000 52.7890000343
13 13000 52.7929999828
13 13000 52.8980000019
13 13000 52.8930001259
13 13000 52.8970000744
13 13000 52.9249999523
13 13000 52.992000103
13 13000 52.6349999905
13 13000 52.7020001411
13 13000 52.7599999905
14 14000 58.5190000534
14 14000 58.5610001087
14 14000 58.618999958
14 14000 58.6579999924
14 14000 58.7179999352
14 14000 58.7330000401
14 14000 58.7190001011
14 14000 58.7400000095
14 14000 58.7760000229
14 14000 58.8539998531
14 14000 58.5940001011
14 14000 58.6229999065
14 14000 58.6620001793
14 14000 58.7100000381
15 15000 64.5320000648
15 15000 64.6000001431
15 15000 64.6610000134
15 15000 64.7580001354
15 15000 64.7950000763
15 15000 64.8350000381
15 15000 64.8519999981
15 15000 64.8880000114
15 15000 64.9040000439
15 15000 64.7920000553
15 15000 64.856000185
15 15000 64.8680000305
15 15000 64.893999815
15 15000 64.9709999561
15 15000 64.9760000706
16 16000 70.9210000038
16 16000 70.876999855
16 16000 70.9420001507
16 16000 71.0579998493
16 16000 71.0379998684
16 16000 71.0759999752
16 16000 71.0729999542
16 16000 71.1229999065
16 16000 71.1679999828
16 16000 71.0520000458
16 16000 71.0750000477
16 16000 71.0900001526
16 16000 71.1160001755
16 16000 71.1360001564
16 16000 71.1449999809
16 16000 71.1459999084
