1 1000 3.85500001907
2 2000 7.0490000248
2 2000 7.11100006104
3 3000 9.97500014305
3 3000 10.0160000324
3 3000 10.0329999924
4 4000 13.0789999962
4 4000 13.109000206
4 4000 13.1349999905
4 4000 13.1649999619
5 5000 16.3299999237
5 5000 16.3410000801
5 5000 16.3669998646
5 5000 16.3800001144
5 5000 16.3900001049
6 6000 19.5089998245
6 6000 19.5769999027
6 6000 19.6340000629
6 6000 19.6510000229
6 6000 19.6259999275
6 6000 19.6590001583
7 7000 22.6610000134
7 7000 22.6790001392
7 7000 22.7080001831
7 7000 22.7300000191
7 7000 22.7630000114
7 7000 22.754999876
7 7000 22.8309998512
8 8000 26.0989999771
8 8000 26.1160001755
8 8000 26.132999897
8 8000 26.1180000305
8 8000 26.1420001984
8 8000 26.1809999943
8 8000 26.1970000267
8 8000 26.2160000801
9 9000 29.6659998894
9 9000 29.6510000229
9 9000 29.6700000763
9 9000 29.7039999962
9 9000 29.75
9 9000 29.7679998875
9 9000 29.7980000973
9 9000 29.8420000076
9 9000 29.8650000095
10 10000 33.631000042
10 10000 33.756000042
10 10000 33.8169999123
10 10000 33.8340001106
10 10000 33.8410000801
10 10000 33.881000042
10 10000 33.8890001774
10 10000 33.9309999943
10 10000 33.9330000877
10 10000 33.9440000057
11 11000 38.4229998589
11 11000 38.5050001144
11 11000 38.5279998779
11 11000 38.5569999218
11 11000 38.618999958
11 11000 38.6119999886
11 11000 38.6289999485
11 11000 38.6730000973
11 11000 38.6840000153
11 11000 38.7109999657
11 11000 38.8169999123
12 12000 43.1740000248
12 12000 43.2250001431
12 12000 43.2149999142
12 12000 43.2369999886
12 12000 43.3190000057
12 12000 43.3569998741
12 12000 43.3770000935
12 12000 43.4159998894
12 12000 43.4149999619
12 12000 43.4739999771
12 12000 43.4919998646
12 12000 43.4960000515
13 13000 48.1979999542
13 13000 48.253000021
13 13000 48.2669999599
13 13000 48.2920000553
13 13000 48.3109998703
13 13000 48.4010000229
13 13000 48.3389999866
13 13000 48.3480000496
13 13000 48.3440001011
13 13000 48.3350000381
13 13000 48.379999876
13 13000 48.388999939
13 13000 48.4460000992
14 14000 53.4130001068
14 14000 53.5250000954
14 14000 53.5889999866
14 14000 53.5950000286
14 14000 53.6019999981
14 14000 53.6210000515
14 14000 53.6549999714
14 14000 53.6659998894
14 14000 53.6979999542
14 14000 53.7389998436
14 14000 53.7300000191
14 14000 53.7349998951
14 14000 53.757999897
14 14000 53.7649998665
15 15000 59.3710000515
15 15000 59.4279999733
15 15000 59.4779999256
15 15000 59.5090000629
15 15000 59.5179998875
15 15000 59.5550000668
15 15000 59.5799999237
15 15000 59.614000082
15 15000 59.6319999695
15 15000 59.632999897
15 15000 59.6560001373
15 15000 59.6670000553
15 15000 59.6800000668
15 15000 59.7130000591
15 15000 59.7290000916
16 16000 64.8199999332
16 16000 64.8849999905
16 16000 64.8849999905
16 16000 64.9170000553
16 16000 64.9739999771
16 16000 65.0250000954
16 16000 65.0250000954
16 16000 65.0460000038
16 16000 65.0719997883
16 16000 65.1270000935
16 16000 65.1320002079
16 16000 65.1410000324
16 16000 65.2019999027
16 16000 65.2179999352
16 16000 65.2279999256
16 16000 65.2430000305
