1 1000 4.28999996185
2 2000 7.81500005722
2 2000 7.81599998474
3 3000 11.138999939
3 3000 11.1380000114
3 3000 11.2170000076
4 4000 14.6799998283
4 4000 14.7109999657
4 4000 14.6640000343
4 4000 14.7419998646
5 5000 18.2970001698
5 5000 18.3439998627
5 5000 18.5
5 5000 18.4690001011
5 5000 18.4690001011
6 6000 21.8240001202
6 6000 21.8709998131
6 6000 21.9029998779
6 6000 21.9030001163
6 6000 21.9030001163
6 6000 21.8710000515
7 7000 25.6459999084
7 7000 25.6309998035
7 7000 25.756000042
7 7000 25.6459999084
7 7000 25.6460001469
7 7000 25.7090001106
7 7000 25.6929998398
8 8000 29.3899998665
8 8000 29.5769999027
8 8000 29.7190001011
8 8000 29.6720001698
8 8000 29.7179999352
8 8000 29.7179999352
8 8000 29.7180001736
8 8000 29.8429999352
9 9000 33.478000164
9 9000 33.6800000668
9 9000 33.6800000668
9 9000 33.7590000629
9 9000 33.5870001316
9 9000 33.7119998932
9 9000 33.6960000992
9 9000 33.6340000629
9 9000 33.7749998569
10 10000 37.6440000534
10 10000 37.6430001259
10 10000 37.7379999161
10 10000 37.8470001221
10 10000 37.8159999847
10 10000 37.768999815
10 10000 37.8619999886
10 10000 37.8619999886
10 10000 38.003000021
10 10000 37.9410002232
11 11000 41.885999918
11 11000 41.9330000877
11 11000 42.0269999504
11 11000 42.010999918
11 11000 41.9639999866
11 11000 42.1360001564
11 11000 42.1040000916
11 11000 42.245000124
11 11000 42.0729999542
11 11000 42.2139999866
11 11000 42.2919998169
12 12000 46.9090001583
12 12000 46.9869999886
12 12000 46.9560000896
12 12000 47.0500001907
12 12000 47.0490000248
12 12000 46.987000227
12 12000 47.1750001907
12 12000 47.0810000896
12 12000 47.0490000248
12 12000 47.2829999924
12 12000 47.2049999237
12 12000 47.2219998837
13 13000 52.243999958
13 13000 52.243999958
13 13000 52.3229999542
13 13000 52.3380000591
13 13000 52.3690001965
13 13000 52.3529999256
13 13000 52.2290000916
13 13000 52.493999958
13 13000 52.3380000591
13 13000 52.4790000916
13 13000 52.4479999542
13 13000 52.4319999218
13 13000 52.4170000553
14 14000 58.0319998264
14 14000 58.0940001011
14 14000 58.1410000324
14 14000 58.2510001659
14 14000 58.3760001659
14 14000 58.2820000648
14 14000 58.4069998264
14 14000 58.4839999676
14 14000 58.4690001011
14 14000 58.3600001335
14 14000 58.4069998264
14 14000 58.4689998627
14 14000 58.4219999313
14 14000 58.3910000324
15 15000 64.2730000019
15 15000 64.367000103
15 15000 64.3819999695
15 15000 64.4449999332
15 15000 64.4909999371
15 15000 64.4289999008
15 15000 64.4600000381
15 15000 64.5379998684
15 15000 64.5690000057
15 15000 64.4600000381
15 15000 64.5390000343
15 15000 64.5220000744
15 15000 64.6629998684
15 15000 64.5850000381
15 15000 64.5999999046
16 16000 70.1849999428
16 16000 70.4340000153
16 16000 70.5429999828
16 16000 70.5750000477
16 16000 70.6840000153
16 16000 70.5909998417
16 16000 70.621999979
16 16000 70.6989998817
16 16000 70.7460000515
16 16000 70.6050000191
16 16000 70.8400001526
16 16000 70.6530001163
16 16000 70.7460000515
16 16000 70.6370000839
16 16000 70.6529998779
16 16000 70.246999979
