1 4.28999996185
2 7.79999995232
3 7.81599998474
4 11.0920000076
5 11.1070001125
6 11.2170000076
7 14.6489999294
8 14.6640000343
9 14.6640000343
10 14.6949999332
11 18.1879999638
12 18.3289999962
13 18.3910000324
14 18.4070000648
15 18.4690001011
16 21.6990001202
17 21.7769999504
18 21.7929999828
19 21.8400001526
20 21.8710000515
21 21.8710000515
22 25.4900000095
23 25.506000042
24 25.5680000782
25 25.5680000782
26 25.5990002155
27 25.6150000095
28 25.6770000458
29 29.1870000362
30 29.4370000362
31 29.5460000038
32 29.6400001049
33 29.6400001049
34 29.6549999714
35 29.7020001411
36 29.7330000401
37 33.2599999905
38 33.4940001965
39 33.5090000629
40 33.5410001278
41 33.5410001278
42 33.5720000267
43 33.5870001316
44 33.6190001965
45 33.7120001316
46 37.3630001545
47 37.4409999847
48 37.4720001221
49 37.6130001545
50 37.6440000534
51 37.7060000896
52 37.7220001221
53 37.8150000572
54 37.9250001907
55 37.9400000572
56 41.635999918
57 41.6679999828
58 41.7459998131
59 41.8389999866
60 41.8389999866
61 41.9799997807
62 41.9949998856
63 42.010999918
64 42.0259997845
65 42.1819999218
66 42.2919998169
67 46.5659999847
68 46.6600000858
69 46.6750001907
70 46.7380001545
71 46.878000021
72 46.9400000572
73 46.9400000572
74 46.9869999886
75 47.0340001583
76 47.0810000896
77 47.0810000896
78 47.128000021
79 51.9019999504
80 51.9330000877
81 51.9639999866
82 51.9800000191
83 52.120000124
84 52.1670000553
85 52.1830000877
86 52.2139999866
87 52.245000124
88 52.260999918
89 52.2920000553
90 52.3069999218
91 52.3389999866
92 57.6109998226
93 57.7349998951
94 57.7979998589
95 57.8449997902
96 58.0939998627
97 58.125
98 58.1569998264
99 58.1719999313
100 58.25
101 58.25
102 58.265999794
103 58.2809998989
104 58.3439998627
105 58.3439998627
106 63.8050000668
107 63.9140000343
108 63.9290001392
109 64.0390000343
110 64.117000103
111 64.1790001392
112 64.1790001392
113 64.2100000381
114 64.2260000706
115 64.3040001392
116 64.3510000706
117 64.3970000744
118 64.4440000057
119 64.5220000744
120 64.5380001068
121 69.2170000076
122 69.4820001125
123 69.6070001125
124 69.7160000801
125 69.7790000439
126 69.8100001812
127 69.9500000477
128 69.9660000801
129 69.981000185
130 69.9970002174
131 70.0130000114
132 70.0130000114
133 70.0440001488
134 70.0590000153
135 70.0750000477
136 70.231000185
