1 1000 3.22799992561
2 2000 5.68600010872
2 2000 5.68700003624
3 3000 8.05800008774
3 3000 8.05800008774
3 3000 8.06299996376
4 4000 10.7809998989
4 4000 10.7980000973
4 4000 10.8020000458
4 4000 10.7969999313
5 5000 13.5859999657
5 5000 13.5820000172
5 5000 13.5889999866
5 5000 13.6029999256
5 5000 13.5970001221
6 6000 16.5230000019
6 6000 16.5420000553
6 6000 16.5559999943
6 6000 16.5469999313
6 6000 16.5600001812
6 6000 16.5490000248
7 7000 19.6180000305
7 7000 19.6569998264
7 7000 19.6679999828
7 7000 19.6749999523
7 7000 19.6720001698
7 7000 19.6719999313
7 7000 19.6650002003
8 8000 22.8059999943
8 8000 22.8420000076
8 8000 22.8519999981
8 8000 22.8710000515
8 8000 22.8519999981
8 8000 22.870000124
8 8000 22.8629999161
8 8000 22.8639998436
9 9000 25.9850001335
9 9000 26.010999918
9 9000 26.0080001354
9 9000 26.0180001259
9 9000 26.0220000744
9 9000 26.0319998264
9 9000 26.0469999313
9 9000 26.0609998703
9 9000 26.0690000057
10 10000 29.2259998322
10 10000 29.2670001984
10 10000 29.2810001373
10 10000 29.260999918
10 10000 29.2949998379
10 10000 29.2660000324
10 10000 29.2600002289
10 10000 29.2660000324
10 10000 29.2790000439
10 10000 29.2890000343
11 11000 33.4590001106
11 11000 33.4990000725
11 11000 33.5069999695
11 11000 33.5140001774
11 11000 33.5239999294
11 11000 33.5299999714
11 11000 33.5279998779
11 11000 33.5499999523
11 11000 33.5449998379
11 11000 33.5550000668
11 11000 33.5569999218
12 12000 36.8159999847
12 12000 36.8519999981
12 12000 36.8519999981
12 12000 36.864000082
12 12000 36.888999939
12 12000 36.8910000324
12 12000 36.9010000229
12 12000 36.9029998779
12 12000 36.9119999409
12 12000 36.9019999504
12 12000 36.9010000229
12 12000 36.9179999828
13 13000 41.0390000343
13 13000 41.0580000877
13 13000 41.0549998283
13 13000 41.0510001183
13 13000 41.0610001087
13 13000 41.0850000381
13 13000 41.1050000191
13 13000 41.0909998417
13 13000 41.0869998932
13 13000 41.1000001431
13 13000 41.1009998322
13 13000 41.1109998226
13 13000 41.1449999809
14 14000 45.3289999962
14 14000 45.3589999676
14 14000 45.3320000172
14 14000 45.3770000935
14 14000 45.4509999752
14 14000 45.498000145
14 14000 45.4679999352
14 14000 45.4839999676
14 14000 45.4730000496
14 14000 45.4909999371
14 14000 45.4839999676
14 14000 45.5099999905
14 14000 45.5120000839
14 14000 45.5130000114
15 15000 55.2660000324
15 15000 55.2679998875
15 15000 55.3070001602
15 15000 55.3280000687
15 15000 55.3350000381
15 15000 55.3370001316
15 15000 55.3340001106
15 15000 55.3359999657
15 15000 55.3409998417
15 15000 55.3389999866
15 15000 55.3410000801
15 15000 55.3410000801
15 15000 55.3420000076
15 15000 55.3399999142
15 15000 55.3379998207
16 16000 56.4519999027
16 16000 56.4679999352
16 16000 56.4819998741
16 16000 56.507999897
16 16000 56.5590000153
16 16000 56.5640001297
16 16000 56.5599999428
16 16000 56.5680000782
16 16000 56.5649998188
16 16000 56.5640001297
16 16000 56.5690000057
16 16000 56.5700001717
16 16000 56.5740001202
16 16000 56.5590000153
16 16000 56.5739998817
16 16000 56.5769999027
