1 1000 3.78999996185
2 2000 7.0039999485
2 2000 7.01999998093
3 3000 9.79699993134
3 3000 9.85899996758
3 3000 9.93700003624
4 4000 12.8539998531
4 4000 12.9010000229
4 4000 12.9949998856
4 4000 12.9949998856
5 5000 16.0360000134
5 5000 16.0679998398
5 5000 16.1300001144
5 5000 16.1300001144
5 5000 16.1459999084
6 6000 19.2339999676
6 6000 19.2820000648
6 6000 19.3280000687
6 6000 19.2970001698
6 6000 19.3289999962
6 6000 19.3589999676
7 7000 22.4489998817
7 7000 22.4170000553
7 7000 22.4489998817
7 7000 22.4479999542
7 7000 22.5269999504
7 7000 22.4639999866
7 7000 22.6509997845
8 8000 25.7400000095
8 8000 25.756000042
8 8000 25.7710001469
8 8000 25.8020000458
8 8000 25.7869999409
8 8000 25.8650000095
8 8000 25.8650000095
8 8000 25.8960001469
9 9000 29.1259999275
9 9000 29.1560001373
9 9000 29.2189998627
9 9000 29.2349998951
9 9000 29.234000206
9 9000 29.25
9 9000 29.2650001049
9 9000 29.3129999638
9 9000 29.2969999313
10 10000 33.1809999943
10 10000 33.243999958
10 10000 33.2599999905
10 10000 33.3209998608
10 10000 33.2590000629
10 10000 33.3529999256
10 10000 33.2909998894
10 10000 33.3379998207
10 10000 33.3680000305
10 10000 33.368999958
11 11000 37.9390001297
11 11000 38.0480000973
11 11000 38.1109998226
11 11000 38.111000061
11 11000 38.111000061
11 11000 38.1419999599
11 11000 38.2039999962
11 11000 38.2200000286
11 11000 38.236000061
11 11000 38.2669999599
11 11000 38.2669999599
12 12000 43.2430000305
12 12000 43.2749998569
12 12000 43.2589998245
12 12000 43.3680000305
12 12000 43.3989999294
12 12000 43.3989999294
12 12000 43.4309999943
12 12000 43.4459998608
12 12000 43.4459998608
12 12000 43.4609999657
12 12000 43.4930000305
12 12000 43.507999897
13 13000 47.5959999561
13 13000 47.6889998913
13 13000 47.7209999561
13 13000 47.8139998913
13 13000 47.8289999962
13 13000 47.8609998226
13 13000 47.8759999275
13 13000 47.8759999275
13 13000 47.9229998589
13 13000 47.9389998913
13 13000 47.9539999962
13 13000 47.9700000286
13 13000 47.9700000286
14 14000 52.8680000305
14 14000 52.9309999943
14 14000 52.9459998608
14 14000 52.9619998932
14 14000 53.0090000629
14 14000 53.0250000954
14 14000 53.0250000954
14 14000 53.0709998608
14 14000 53.0720000267
14 14000 53.0870001316
14 14000 53.103000164
14 14000 53.1180000305
14 14000 53.1340000629
14 14000 53.1650002003
15 15000 58.75
15 15000 58.7649998665
15 15000 58.7649998665
15 15000 58.7649998665
15 15000 58.7960000038
15 15000 58.8429999352
15 15000 58.8429999352
15 15000 58.8899998665
15 15000 58.9049999714
15 15000 58.9210000038
15 15000 58.9370000362
15 15000 58.9370000362
15 15000 58.9830000401
15 15000 59.0149998665
15 15000 59.0780000687
16 16000 64.3659999371
16 16000 64.3970000744
16 16000 64.4440000057
16 16000 64.4590001106
16 16000 64.4900000095
16 16000 64.5220000744
16 16000 64.5529999733
16 16000 64.5529999733
16 16000 64.631000042
16 16000 64.6619999409
16 16000 64.6619999409
16 16000 64.6619999409
16 16000 64.7090001106
16 16000 64.7090001106
16 16000 64.7400000095
16 16000 64.7409999371
