1 1000 3.96700000763
2 2000 7.35500001907
2 2000 7.39800000191
3 3000 10.2799999714
3 3000 10.3359999657
3 3000 10.5320000648
4 4000 13.4289999008
4 4000 13.4500000477
4 4000 13.4430000782
4 4000 13.4550001621
5 5000 16.6769998074
5 5000 16.7319998741
5 5000 16.7369999886
5 5000 16.7070000172
5 5000 16.757999897
6 6000 19.8619999886
6 6000 19.9220001698
6 6000 19.9479999542
6 6000 19.9930000305
6 6000 19.9930000305
6 6000 19.9990000725
7 7000 23.2100000381
7 7000 23.2239999771
7 7000 23.2589998245
7 7000 23.256000042
7 7000 23.2810001373
7 7000 23.3220000267
7 7000 23.4240000248
8 8000 26.7320001125
8 8000 26.7490000725
8 8000 26.7820000648
8 8000 26.8110001087
8 8000 26.8389999866
8 8000 26.8910000324
8 8000 26.8870000839
9 9000 30.0960001945
9 9000 30.1429998875
9 9000 30.1840000153
9 9000 30.2319998741
9 9000 30.2619998455
9 9000 30.2630000114
9 9000 30.2720000744
9 9000 30.3310000896
9 9000 30.3400001526
10 10000 34.0429999828
10 10000 34.1619999409
10 10000 34.1889998913
10 10000 34.2020001411
10 10000 34.2319998741
10 10000 34.2290000916
10 10000 34.25
10 10000 34.246999979
10 10000 34.2619998455
10 10000 34.2640001774
11 11000 38.4059998989
11 11000 38.5490000248
11 11000 38.5550000668
11 11000 38.5690000057
11 11000 38.5739998817
11 11000 38.6410000324
11 11000 38.5870001316
11 11000 38.6000001431
11 11000 38.6380000114
11 11000 38.6210000515
11 11000 38.739000082
12 12000 43.3170001507
12 12000 43.4900000095
12 12000 43.4700000286
12 12000 43.5539999008
12 12000 43.5559999943
12 12000 43.5969998837
12 12000 43.5789999962
12 12000 43.6229999065
12 12000 43.6549999714
12 12000 43.6909999847
12 12000 43.6900000572
12 12000 43.6980001926
13 13000 48.4379999638
13 13000 48.5299999714
13 13000 48.5399999619
13 13000 48.6069998741
13 13000 48.632999897
13 13000 48.6660001278
13 13000 48.6759998798
13 13000 48.6989998817
13 13000 48.6719999313
13 13000 48.6850001812
13 13000 48.7009999752
13 13000 48.6890001297
13 13000 48.7449998856
14 14000 53.6349999905
14 14000 53.7400000095
14 14000 53.7879998684
14 14000 53.8059999943
14 14000 53.8150000572
14 14000 53.8380000591
14 14000 53.8559999466
14 14000 53.9040000439
14 14000 53.9059998989
14 14000 53.9110000134
14 14000 53.9240000248
14 14000 53.9719998837
14 14000 53.9789998531
14 14000 53.9990000725
15 15000 59.6730000973
15 15000 59.7249999046
15 15000 59.753000021
15 15000 59.7769999504
15 15000 59.8129999638
15 15000 59.8479998112
15 15000 59.8539998531
15 15000 59.8840000629
15 15000 59.8849999905
15 15000 59.9040000439
15 15000 59.9389998913
15 15000 59.9709999561
15 15000 59.9739999771
15 15000 59.9929997921
15 15000 60.0440001488
16 16000 65.2170000076
16 16000 65.3570001125
16 16000 65.382999897
16 16000 65.4089999199
16 16000 65.4589998722
16 16000 65.4519999027
16 16000 65.4520001411
16 16000 65.4579999447
16 16000 65.5230000019
16 16000 65.5339999199
16 16000 65.5490000248
16 16000 65.5580000877
16 16000 65.5590000153
16 16000 65.5950000286
16 16000 65.5980000496
16 16000 65.621999979
