1 1000 0.111999988556
2 2000 0.113999843597
2 2000 0.114000082016
3 3000 0.114000082016
3 3000 0.115999937057
3 3000 0.115000009537
4 4000 0.121999979019
4 4000 0.115000009537
4 4000 0.138999938965
4 4000 0.128999948502
5 5000 0.111999988556
5 5000 0.117000102997
5 5000 0.104000091553
5 5000 0.114000082016
5 5000 0.154000043869
6 6000 0.132000207901
6 6000 0.0900001525879
6 6000 0.157999992371
6 6000 0.164000034332
6 6000 0.147000074387
6 6000 0.128999948502
7 7000 0.113999843597
7 7000 0.131000041962
7 7000 0.134999990463
7 7000 0.131000041962
7 7000 0.174000024796
7 7000 0.163999795914
7 7000 0.128999948502
8 8000 0.0940001010895
8 8000 0.140999794006
8 8000 0.197000026703
8 8000 0.191999912262
8 8000 0.177000045776
8 8000 0.139000177383
8 8000 0.217000007629
8 8000 0.174999952316
9 9000 0.101999998093
9 9000 0.15499997139
9 9000 0.18799996376
9 9000 0.199000120163
9 9000 0.171000003815
9 9000 0.186000108719
9 9000 0.234999895096
9 9000 0.201999902725
9 9000 0.177999973297
10 10000 0.110000133514
10 10000 0.195999860764
10 10000 0.161000013351
10 10000 0.19100022316
10 10000 0.193000078201
10 10000 0.208999872208
10 10000 0.22200012207
10 10000 0.259000062943
10 10000 0.241000175476
10 10000 0.15700006485
11 11000 0.167000055313
11 11000 0.0889999866486
11 11000 0.192000150681
11 11000 0.160000085831
11 11000 0.195000171661
11 11000 0.223999977112
11 11000 0.18700003624
11 11000 0.232000112534
11 11000 0.22000002861
11 11000 0.253000020981
11 11000 0.210999965668
12 12000 0.182999849319
12 12000 0.179999828339
12 12000 0.170000076294
12 12000 0.203999996185
12 12000 0.242000102997
12 12000 0.194000005722
12 12000 0.213999986649
12 12000 0.195999860764
12 12000 0.279000043869
12 12000 0.279000043869
12 12000 0.246999979019
12 12000 0.292999982834
13 13000 0.171999931335
13 13000 0.12299990654
13 13000 0.192999839783
13 13000 0.207000017166
13 13000 0.184000015259
13 13000 0.257999897003
13 13000 0.255000114441
13 13000 0.200999975204
13 13000 0.263999938965
13 13000 0.304000139236
13 13000 0.256000041962
13 13000 0.319999933243
13 13000 0.306999921799
14 14000 0.18799996376
14 14000 0.191999912262
14 14000 0.169999837875
14 14000 0.204999923706
14 14000 0.180000066757
14 14000 0.22000002861
14 14000 0.237999916077
14 14000 0.214999914169
14 14000 0.289999961853
14 14000 0.3140001297
14 14000 0.289000034332
14 14000 0.305999994278
14 14000 0.335000038147
14 14000 0.333000183105
15 15000 0.183000087738
15 15000 0.195000171661
15 15000 0.205999851227
15 15000 0.18700003624
15 15000 0.232000112534
15 15000 0.218999862671
15 15000 0.207000017166
15 15000 0.286000013351
15 15000 0.278000116348
15 15000 0.296999931335
15 15000 0.278000116348
15 15000 0.24799990654
15 15000 0.348999977112
15 15000 0.325000047684
15 15000 0.342000007629
16 16000 0.144999980927
16 16000 0.167999982834
16 16000 0.1859998703
16 16000 0.217000007629
16 16000 0.168999910355
16 16000 0.18799996376
16 16000 0.22000002861
16 16000 0.306999921799
16 16000 0.286999940872
16 16000 0.262000083923
16 16000 0.283999919891
16 16000 0.326999902725
16 16000 0.376999855042
16 16000 0.328000068665
16 16000 0.299000024796
16 16000 0.348000049591
