1 4.28299999237
2 7.83399987221
3 7.86999988556
4 11.2349998951
5 11.2769999504
6 11.2960000038
7 14.8210000992
8 14.8920001984
9 14.9000000954
10 14.9000000954
11 18.3710000515
12 18.375
13 18.4279999733
14 18.4579999447
15 18.4779999256
16 22.0739998817
17 22.0910000801
18 22.125
19 22.1840000153
20 22.239000082
21 22.263999939
22 25.6759998798
23 25.7860000134
24 25.7990000248
25 25.8159999847
26 26 25.8219997883
25.8219997883
28 26.0130000114
29 29.4290001392
30 29.5880000591
31 29.7100000381
32 29.7330000401
33 29.7550001144
34 29.7710001469
35 29.7900002003
36 29.8210000992
37 33.629999876
38 33.6710000038
39 33.7189998627
40 33.7569999695
41 33.7739999294
42 33.8049998283
43 33.8129999638
44 33.8229999542
45 33.8729999065
46 37.1180000305
47 37.3540000916
48 37.3559999466
49 37.375
50 37.378000021
51 37.4100000858
52 37.4270000458
53 37.4519999027
54 37.4700000286
55 37.7249999046
56 41.6239998341
57 41.7019999027
58 41.7189998627
59 41.7379999161
60 41.7649998665
61 41.8399999142
62 41.8819999695
63 41.9409999847
64 41.9459998608
65 42.1069998741
66 42.3469998837
67 46.628000021
68 46.6360001564
69 46.6600000858
70 46.7369999886
71 46.7940001488
72 46.7960000038
73 46.878000021
74 46.8870000839
75 47.0020000935
76 47.1679999828
77 47.2260000706
78 47.2330000401
79 52.0669999123
80 52.1240000725
81 52.135999918
82 52.2309999466
83 52.2319998741
84 52.3059999943
85 52.3239998817
86 52.3339998722
87 52.361000061
88 52.4370000362
89 52.5729999542
90 52.635999918
91 52.6989998817
92 57.9049999714
93 57.9579999447
94 57.9919998646
95 58.0360000134
96 58.0750000477
97 58.0859999657
98 58.1010000706
99 58.1259999275
100 58.1519999504
101 58.2509999275
102 58.4789998531
103 58.5069999695
104 58.5450000763
105 58.6029999256
106 63.8680000305
107 63.9359998703
108 64.0
109 64.1129999161
110 64.1569998264
111 64.1829998493
112 64.2070000172
113 64.2230000496
114 64.2369999886
115 64.6380000114
116 64.7039999962
117 64.7159998417
118 64.743999958
119 64.8199999332
120 64.8279998302
121 70.1849999428
122 70.1879999638
123 70.1940000057
124 70.2960000038
125 70.3280000687
126 70.3420000076
127 70.3619999886
128 70.4249999523
129 70.4560000896
130 70.8569998741
131 70.8619999886
132 70.8870000839
133 70.9189999104
134 70.9370000362
135 70.9479999542
136 70.9489998817
