1 1000 4.26800012589
2 2000 7.8259999752
2 2000 7.86100006104
1 1000 4.2539999485
2 2000 7.85100007057
2 2000 7.85899996758
3 3000 11.1370000839
3 3000 11.1560001373
3 3000 11.3760001659
4 4000 14.75
4 4000 14.7630000114
4 4000 14.7969999313
4 4000 14.7990000248
5 5000 18.3289999962
5 5000 18.3919999599
5 5000 18.3990001678
5 5000 18.4060001373
5 5000 18.2490000725
6 6000 21.9409999847
6 6000 21.9900000095
6 6000 22.0249998569
6 6000 22.0160000324
6 6000 22.0869998932
6 6000 21.8790001869
7 7000 25.8040001392
7 7000 25.8960001469
7 7000 25.9040000439
7 7000 25.9440000057
7 7000 25.9010000229
7 7000 25.9609999657
7 7000 26.0130000114
8 8000 29.7879998684
8 8000 29.8650000095
8 8000 29.8519999981
8 8000 29.8839998245
8 8000 29.9079999924
8 8000 29.878000021
8 8000 29.9930000305
8 8000 29.6119999886
9 9000 33.5559999943
9 9000 33.5840001106
9 9000 33.6570000648
9 9000 33.6619999409
9 9000 33.6859998703
9 9000 33.7219998837
9 9000 33.7949998379
9 9000 33.5980000496
9 9000 33.5969998837
10 10000 36.9089999199
10 10000 37.0759999752
10 10000 37.1159999371
10 10000 37.1259999275
10 10000 37.3439998627
10 10000 37.4240000248
10 10000 37.4519999027
10 10000 37.3269999027
10 10000 37.3469998837
10 10000 37.3580000401
11 11000 41.8869998455
11 11000 41.9010000229
11 11000 41.9079999924
11 11000 41.9700000286
11 11000 42.0209999084
11 11000 42.0380001068
11 11000 42.1399998665
11 11000 42.1349999905
11 11000 42.1710000038
11 11000 41.996999979
11 11000 42.1419999599
12 12000 46.7149999142
12 12000 46.7219998837
12 12000 46.8089997768
12 12000 46.8490002155
12 12000 46.8880000114
12 12000 47.1619999409
12 12000 47.2820000648
12 12000 47.3069999218
12 12000 47.0190000534
12 12000 47.1710000038
12 12000 47.1770000458
12 12000 47.1850001812
13 13000 41.5150001049
13 13000 41.6319999695
13 13000 41.6289999485
13 13000 41.6719999313
13 13000 41.7769999504
13 13000 41.8880000114
13 13000 41.9739999771
13 13000 42.1559998989
13 13000 41.8500001431
13 13000 41.8919999599
13 13000 41.8890001774
