1 1000 3.48399996758
2 2000 6.1369998455
2 2000 6.13800001144
3 3000 9.09500002861
3 3000 9.11199998856
3 3000 9.12199997902
4 4000 12.353000164
4 4000 12.3489999771
4 4000 12.3999998569
4 4000 12.4039998055
5 5000 15.8739998341
5 5000 15.9000000954
5 5000 15.9179999828
5 5000 15.9139997959
5 5000 15.9130001068
6 6000 19.8930001259
6 6000 19.9140000343
6 6000 19.9240000248
6 6000 19.9370000362
6 6000 19.9170000553
6 6000 19.9179999828
7 7000 24.4409999847
7 7000 24.4759998322
7 7000 24.496999979
7 7000 24.507999897
7 7000 24.5039999485
7 7000 24.5039999485
7 7000 24.5169999599
8 8000 28.5889999866
8 8000 28.6410000324
8 8000 28.6879999638
8 8000 28.632999897
8 8000 28.6979999542
8 8000 28.6610000134
8 8000 28.6679999828
8 8000 28.6410000324
9 9000 34.3910000324
9 9000 34.4400000572
9 9000 34.4580001831
9 9000 34.4560000896
9 9000 34.4419999123
9 9000 34.4730000496
9 9000 34.4889998436
9 9000 34.5110001564
9 9000 34.5080001354
10 10000 40.7269999981
10 10000 40.9509999752
10 10000 40.9279999733
10 10000 41.0040001869
10 10000 41.0149998665
10 10000 41.010999918
10 10000 41.0130000114
10 10000 41.0350000858
10 10000 41.0140001774
10 10000 41.0290000439
11 11000 48.4749999046
11 11000 48.5659999847
11 11000 48.5749998093
11 11000 48.5970001221
11 11000 48.6119999886
11 11000 48.6560001373
11 11000 48.7679998875
11 11000 48.6759998798
11 11000 48.7119998932
11 11000 48.7180001736
11 11000 48.7139999866
12 12000 57.2389998436
12 12000 57.3230001926
12 12000 57.3169999123
12 12000 57.4160001278
12 12000 57.4110000134
12 12000 57.3849999905
12 12000 57.4159998894
12 12000 57.507999897
12 12000 57.4230000973
12 12000 57.4360001087
12 12000 57.4270000458
12 12000 57.4470000267
13 13000 67.0789999962
13 13000 67.0920000076
13 13000 67.0799999237
13 13000 67.1160001755
13 13000 67.242000103
13 13000 67.2130000591
13 13000 67.2669999599
13 13000 67.2540001869
13 13000 67.2799999714
13 13000 67.2820000648
13 13000 67.2969999313
13 13000 67.3519999981
13 13000 67.3570001125
14 14000 78.6169998646
14 14000 78.9960000515
14 14000 78.9730000496
14 14000 79.0659999847
14 14000 79.015999794
14 14000 79.121999979
14 14000 79.0300002098
14 14000 79.0340001583
14 14000 79.0879998207
14 14000 79.1319999695
14 14000 79.1449999809
14 14000 79.1529998779
14 14000 79.1519999504
14 14000 79.1719999313
15 15000 91.0329999924
15 15000 91.0759999752
15 15000 91.0800001621
15 15000 91.0460000038
15 15000 91.1150000095
15 15000 91.1529998779
15 15000 91.1640000343
15 15000 91.1650002003
15 15000 91.1740000248
15 15000 91.1679999828
15 15000 91.1630001068
15 15000 91.1629998684
15 15000 91.1670000553
15 15000 91.1819999218
15 15000 91.1670000553
16 16000 79.0130000114
16 16000 79.006000042
16 16000 78.9680001736
16 16000 79.0150001049
