1 1000 0.128000020981
2 2000 0.116999864578
2 2000 0.116999864578
3 3000 0.113999843597
3 3000 0.117000102997
3 3000 0.115999937057
4 4000 0.118000030518
4 4000 0.126000165939
4 4000 0.125999927521
4 4000 0.130999803543
5 5000 0.121000051498
5 5000 0.116000175476
5 5000 0.102999925613
5 5000 0.132999897003
5 5000 0.152000188828
6 6000 0.101999998093
6 6000 0.108000040054
6 6000 0.144999980927
6 6000 0.133000135422
6 6000 0.173000097275
6 6000 0.177999973297
7 7000 0.0940001010895
7 7000 0.12900018692
7 7000 0.174999952316
7 7000 0.138000011444
7 7000 0.189999818802
7 7000 0.179000139236
7 7000 0.190999984741
8 8000 0.118000030518
8 8000 0.138000011444
8 8000 0.177000045776
8 8000 0.132999897003
8 8000 0.149000167847
8 8000 0.171999931335
8 8000 0.200000047684
8 8000 0.180999994278
9 9000 0.139000177383
9 9000 0.151000022888
9 9000 0.161000013351
9 9000 0.213999986649
9 9000 0.154000043869
9 9000 0.164000034332
9 9000 0.154000043869
9 9000 0.155000209808
9 9000 0.183000087738
10 10000 0.12299990654
10 10000 0.161000013351
10 10000 0.197000026703
10 10000 0.203999996185
10 10000 0.176000118256
10 10000 0.169999837875
10 10000 0.207000017166
10 10000 0.229000091553
10 10000 0.25
10 10000 0.165000200272
11 11000 0.116999864578
11 11000 0.194000005722
11 11000 0.156999826431
11 11000 0.237999916077
11 11000 0.156000137329
11 11000 0.242000102997
11 11000 0.240999937057
11 11000 0.230999946594
11 11000 0.225999832153
11 11000 0.231999874115
11 11000 0.269999980927
12 12000 0.212000131607
12 12000 0.178999900818
12 12000 0.145999908447
12 12000 0.15700006485
12 12000 0.212000131607
12 12000 0.219000101089
12 12000 0.25
12 12000 0.201999902725
12 12000 0.234999895096
12 12000 0.282999992371
12 12000 0.257000207901
12 12000 0.211999893188
13 13000 0.125999927521
13 13000 0.169000148773
13 13000 0.188000202179
13 13000 0.160000085831
13 13000 0.200000047684
13 13000 0.255000114441
13 13000 0.227999925613
13 13000 0.223000049591
13 13000 0.286000013351
13 13000 0.267999887466
13 13000 0.21799993515
13 13000 0.25
14 14000 0.161999940872
14 14000 0.207999944687
14 14000 0.157999992371
14 14000 0.144999980927
14 14000 0.167999982834
14 14000 0.210000038147
14 14000 0.169000148773
14 14000 0.307000160217
14 14000 0.241000175476
14 14000 0.162000179291
14 14000 0.242000102997
14 14000 0.276999950409
14 14000 0.259999990463
14 14000 0.208000183105
15 15000 0.147000074387
15 15000 0.203999996185
15 15000 0.22000002861
15 15000 0.233000040054
15 15000 0.223000049591
15 15000 0.171999931335
15 15000 0.193000078201
15 15000 0.289999961853
15 15000 0.322999954224
15 15000 0.325999975204
15 15000 0.268000125885
15 15000 0.332000017166
15 15000 0.330000162125
15 15000 0.326999902725
16 16000 0.152000188828
16 16000 0.15700006485
16 16000 0.177000045776
16 16000 0.164000034332
16 16000 0.151000022888
16 16000 0.226999998093
16 16000 0.125
9998093
16 16000 0.233999967575
16 16000 0.237999916077
16 16000 0.263999938965
16 16000 0.263000011444
16 16000 0.319000005722
16 16000 0.295000076294
16 16000 0.264999866486
16 16000 0.289999961853
